2 2
1 -1
-1 1
=>0

6 4
1 -1 0 0 0 0
0 -1 0 0 0 0
0 0 0 0 -1 0
0 0 0 0 -1 1
=>6

6 4
0 0 0 0 0 0
0 0 0 0 0 0
0 0 0 0 0 0
0 0 0 0 0 1
=>8

6 4
0 -1 0 0 0 0
-1 0 0 0 0 0
0 0 0 0 0 0
0 0 0 0 0 1
=>-1


6 4
0 0 0 0 0 0
0 0 0 0 0 0
0 0 0 0 0 0
0 0 0 0 0 1
=>8


6 4
1 -1 0 0 0 0
0 -1 0 0 0 0
0 0 0 0 -1 0
0 0 0 0 -1 1
=>6

4 2
1 0 0 1
-1 -1 -1 -1
=>1

3 3
1 1 0
-1 -1 -1
-1 -1 0
=>-1

3 3
1 0 0
-1 -1 0
0 0 0
=>6

4 4
-1 -1 -1 0
-1 -1 -1 0
-1 -1 -1 0
-1 -1 -1 1
=>3

5 3
0 1 0 0 0
0 0 0 -1 -1
0 0 0 -1 0
---> -1


5 5
-1 1 0 0 0
0 -1 -1 -1 0
0 -1 -1 -1 0
0 -1 -1 -1 0
0 0 0 0 0
=>14

