41
10 12 2 12
63 6 3 6
10 12 3 9
10 12 7 2
13 11 5 6
40000 39999 39999 39998
40000 39999 40000 39999
40000 40000 40000 39999
40000 39998 40000 39997
39999 2 39998 2
3 40000 3 39999
40000 3 40000 3
8 2 4 2
10 12 2 12
12 10 12 10
12 10 1 1
12 6 12 6
10 1 5 1
1 10 1 5
1 1 1 1
42 18468 35 8033
19170 15725 11479 13634
3603 24351 3086 6486
6039 24180 74 5478
7959 6192 3898 4313
2601 2511 196 1760
1265 8261 1143 8117
12897 13023 3824 10113
23319 32727 2093 21026
32169 20826 9677 15630
906 9465 532 568
21185 28075 8720 26791
22195 23700 994 20179
14523 31089 1564 25835
3035 12760 1289 5029
990 15249 910 11648
822 7059 806 3551
28608 18039 4361 5472
19632 29745 8389 26611
7263 25053 1680 23988
32 87 17 8
49 16 4 12